3000
5769
2762
5995
3500
3646
1149
2934
4398
781
3641
3394
5261
5266
3955
5411
4905
2249
575
2298
3208
481
1843
5049
2359
109
4182
5874
4745
975
3917
959
4223
1435
5089
4027
3737
3035
3193
1960
553
3698
35
1037
4834
1473
3826
118
5673
1727
526
3539
5745
5617
3063
5042
1157
356
4573
1135
5954
5705
4635
26
5566
3219
5051
732
5621
4343
2219
4367
3200
2292
4184
658
3288
388
2827
2776
3048
5172
1689
503
2502
3277
572
3701
2054
824
1303
3944
270
4242
2000
3934
2864
4132
5718
1139
3732
5544
507
5576
31
944
2000
5163
4777
3475
5630
3321
5588
2333
126
1554
1520
604
224
1820
2146
1706
673
4569
3451
2709
4702
3460
781
2761
3354
2170
2513
371
3307
3978
2901
1713
227
2629
4576
3397
1555
1516
3882
521
5104
1616
2209
1358
1816
4927
3155
3411
1894
5962
3419
5444
1088
409
3075
1661
825
3902
3160
3993
4687
1596
1110
1088
1745
3515
2277
2773
1553
5759
4799
4829
1997
3208
4653
149
5861
5164
2006
5139
5102
1745
5810
2274
2707
1240
4736
3795
4408
4611
5389
1149
2112
5160
887
5156
163
961
2246
101
2364
3748
4038
1792
4536
1529
1863
871
3898
1735
4405
3527
3534
2983
4485
4218
5142
933
397
5672
3506
321
3757
1626
3156
1499
449
2915
3760
52
2237
5687
2858
1596
2617
1070
3887
1234
2467
707
5665
337
3404
3798
5571
5504
972
4709
5794
1721
3762
5108
3901
5146
3035
496
5648
657
43
4205
4944
1670
5177
1116
3972
5406
2939
547
4103
4909
2422
5918
5484
3308
5498
4385
941
4557
2031
2083
1755
3169
5378
4810
2473
4480
3955
3019
3648
4485
568
2607
2898
1202
1054
292
1009
667
2262
3992
333
1905
4146
1126
3011
4731
5435
2191
2285
912
208
4885
593
4541
4575
2162
5250
738
5074
3548
2036
3414
5964
671
5548
2318
721
2657
3760
423
2712
2543
5069
2803
4829
5539
3746
4731
1397
1012
5589
2071
3619
4852
514
5470
4604
5755
2748
5770
5501
1128
1902
5474
292
5428
835
783
2484
5976
3415
2688
1463
4324
4894
2447
4425
1242
4811
5977
2471
2718
4638
2275
5385
3052
4355
4875
4945
3672
964
4739
5358
1503
2672
1208
1375
3385
2502
5694
3108
1397
5425
3972
5722
5785
4867
2224
3083
2608
3159
329
2241
3045
5942
5870
5387
2391
1446
4014
2688
1146
60
4735
3186
5959
241
5208
2649
4546
3038
1849
1388
2750
5748
5542
1765
957
5369
5931
2913
224
5834
1982
142
2365
1005
1471
4007
4101
2313
2030
4256
5889
289
3867
3683
5561
2467
4554
2614
5208
4094
5285
666
4430
4789
684
369
2378
27
5398
1454
5077
4659
2552
5932
3768
3869
2116
1612
1244
5045
4537
5845
988
867
5481
585
468
3053
575
1857
5666
5489
2832
367
173
1798
4286
294
535
2260
1728
1655
3790
3090
4248
2611
2605
3593
4642
4439
2656
606
1250
4343
2633
4244
404
2059
4688
5651
4672
4940
1059
2607
4863
388
2328
102
3622
4720
3380
1609
2876
4031
1080
1044
5824
5662
4528
3793
4181
1226
5338
4779
84
654
3642
3041
597
5633
1055
5299
351
2260
4565
2466
3344
146
4203
1887
1420
3530
5523
887
1938
183
1785
888
4824
141
4067
2463
5208
438
5052
1239
5591
853
1218
4578
577
5534
5716
2190
1288
5465
3284
365
2048
174
1107
2253
1015
3279
3492
674
1387
5474
5637
4486
4347
5321
4929
1674
4925
578
5492
1466
5505
4006
5958
3248
631
4320
4392
3340
4341
5727
2920
4397
4878
3805
355
973
5516
5048
1509
3412
4378
5028
3100
2734
3812
1831
5309
3464
183
301
550
5592
466
332
5497
5205
2224
2217
1506
3469
3386
2212
1747
5848
2118
2885
1805
3930
1788
4506
5902
1003
4811
2334
4768
4129
5917
4401
6
2579
2295
5005
2727
4356
325
301
4801
2066
5886
2509
1279
2407
3073
5598
3282
4835
3163
189
3367
1101
1286
4737
4990
1156
2807
1577
3103
5683
1443
1568
5881
4157
4960
1742
2108
4491
4013
5126
147
563
1266
5237
1498
4608
595
2728
1522
734
1789
1523
1171
1434
666
5344
1462
3678
159
5663
4162
3809
4376
4532
3128
1054
4634
4942
1322
2564
2085
1265
843
179
5493
2494
831
1465
2360
5161
5481
306
4121
4985
4549
2405
4183
1406
309
2552
243
3604
193
2943
1121
2460
2694
2154
5707
5480
5685
1790
472
3672
4476
1092
4031
4890
4978
3759
3715
967
929
1627
4662
2996
2319
5149
5199
2989
2894
2875
4053
3763
227
2040
5333
3889
3519
3692
69
461
5416
2020
1935
4830
3706
2308
3146
4374
1518
4186
4921
3018
1284
3864
23
4065
2745
5744
5631
2000
1227
3619
5156
5715
2905
3491
1361
1709
5712
4602
3644
4331
5995
1744
2771
4024
4732
1641
3976
1363
188
838
3348
5187
5479
5170
4400
1677
5760
1386
1005
5549
5736
3778
5747
3999
1434
4893
2102
914
3265
3172
652
2297
5792
2336
4850
5824
2578
2760
5922
513
300
3148
5247
3913
4537
3117
1198
3317
4496
2522
2379
4609
1164
2896
5480
165
4769
5666
3782
3244
4541
2148
4461
5364
4685
783
3998
858
3060
5426
3927
2479
2187
330
626
2631
5176
5095
1577
4127
2211
1264
2533
538
1026
2839
3870
1393
4767
19
2229
4002
5179
242
5449
4965
4766
5881
682
1237
2700
5551
828
4934
4918
1056
4559
3442
4772
1662
4565
3744
4687
1652
5658
1243
3007
3283
4091
4516
5508
2851
5903
3266
3540
1040
2398
1909
3877
3972
1799
3373
91
4068
3504
4465
884
5335
2953
4381
2136
2487
2285
864
1388
5731
2806
2095
5262
3399
2559
4051
3373
2718
1872
5911
2913
5989
420
257
4559
2617
4466
1768
5866
4553
612
3039
2853
5433
4647
1685
4340
2910
5449
3473
1801
3532
1664
857
3652
2338
5963
1465
920
3870
2692
3977
5108
1546
5907
2233
5294
2549
3843
1324
3591
5399
1887
1433
5205
4116
3565
2690
5146
3823
4398
4491
2626
2097
2633
2292
3217
373
3920
2669
1925
5164
1547
4784
1592
4500
315
1988
4785
771
4133
4554
3892
4001
2736
708
2275
2971
2541
2873
2755
2642
3650
3469
299
5798
2270
4831
145
528
4192
830
1803
1899
1717
3061
273
2880
893
4543
3642
2698
4309
2158
5968
1261
2760
1400
3220
2900
3746
737
744
200
1303
2627
5457
1025
2707
4121
2786
2049
1973
401
3836
135
761
3899
5047
2364
3504
564
117
1882
1890
661
1002
5462
1300
5021
4374
3418
4335
780
2333
1602
1839
5035
5132
2838
5667
992
49
3138
4496
5986
5473
1288
5519
5799
1667
481
1595
91
2269
5137
1768
1913
5452
2157
4274
1596
3918
1360
1692
2710
5145
2377
5159
1938
1396
5147
2713
2972
3848
2949
5044
2796
656
988
4712
5408
3100
5399
2958
2990
4027
296
4567
199
2293
4189
3918
2121
5751
1289
3144
4526
3082
4785
4429
982
5966
1331
4895
2174
4842
3074
4926
4442
5362
939
1870
4751
4410
627
2630
1739
4591
1431
2876
1128
2878
3601
1481
4136
319
3655
4981
3942
3957
3343
183
4383
880
3151
4767
44
764
2415
3547
2077
5593
3441
2795
5593
709
1630
1285
1878
2105
2849
2239
4489
573
621
4662
841
1799
5798
2164
4518
1431
1637
3545
3136
2219
4793
4590
4736
4170
3760
849
4804
1928
1617
733
2406
5029
4359
3304
131
5892
409
4182
1192
3225
5773
3879
780
5164
5344
3568
4469
5309
5207
5713
1606
2017
3807
51
434
5561
60
249
2366
2758
345
280
4956
3922
4764
1454
5174
3703
3569
3372
1551
1612
1946
3226
544
2169
5709
2183
1082
3581
819
2106
1633
4483
452
4939
3760
2283
5375
2794
807
1682
201
2132
1838
4225
4505
87
5518
1441
3440
5255
1609
4378
2606
1606
5893
5027
5867
1194
4355
877
848
2436
1805
1938
5615
5256
2564
5893
4628
5192
4971
4416
3982
3129
5980
3950
2132
2480
308
5193
1729
3888
822
3788
1098
5012
736
971
1542
2981
557
4746
3486
2397
2615
4408
5427
2997
4180
3558
4785
406
4871
4429
1764
3476
4391
4336
2985
5825
3744
1244
3757
3974
2811
1344
588
2569
3605
1665
3401
3808
4638
2987
3724
1206
3972
485
3932
2951
4141
3050
5936
5433
5371
1601
4184
500
1870
3043
841
4436
5590
2300
3152
2870
3656
3391
1774
2975
3736
3848
2399
2488
5505
791
606
740
776
913
5811
303
46
1084
3744
1181
2842
2564
2512
860
3265
5576
3295
3004
3321
1482
2228
2266
3868
749
2211
4423
1294
4395
3639
1641
496
5425
2211
1017
2528
4929
287
2966
217
5052
5702
1713
1045
4341
4330
4106
2288
829
3944
1585
2394
4869
854
1851
407
1652
2660
1295
1594
2490
1868
4252
630
4937
594
2668
2152
1402
5438
3643
729
2084
4930
883
833
3852
5161
6
1073
4860
2371
5441
5384
4286
5042
3743
4651
1697
2670
680
954
5651
85
4322
5426
5086
1532
2126
4588
5583
5737
3049
2014
3823
5139
4658
368
5498
5264
4249
4831
2655
898
3806
1646
4621
880
381
648
205
4773
5187
3590
2056
3711
5467
1225
1265
4129
1955
2730
2771
2992
3204
4537
2873
3422
2082
3633
1807
4598
3633
87
4313
3151
2041
1816
4036
356
2203
4826
5870
3745
3351
4963
2081
146
3071
1507
5628
4468
5952
5274
1499
2211
1403
4107
5282
3605
147
2404
2510
2909
3826
3296
3087
2265
2873
2283
5879
4119
4672
1666
1574
3232
2813
5810
1975
1814
5338
2379
4760
4302
3100
244
5625
2693
1592
2184
5330
160
3211
3065
5635
1967
821
5712
752
4308
1119
1423
2048
2578
1007
4432
2004
4949
2263
4207
4843
5808
5464
5285
3725
530
5000
2016
3467
394
1556
412
1048
3710
4599
3881
3053
2641
199
4514
3389
3116
2245
2603
3929
5792
5992
2287
481
4966
4365
3749
2890
4345
2258
1353
5923
5616
2570
5257
141
3516
5600
4542
1723
1431
3985
1503
69
1181
1289
5245
2360
3851
1602
942
2084
1788
4066
1659
3674
1191
2707
4607
292
2621
5763
3807
697
3889
4606
3282
2553
1337
3700
2609
5855
3417
1009
2403
350
5387
2479
2446
2960
1566
5745
4039
4882
1254
5639
897
4079
5466
883
185
962
2262
1568
4513
1285
1742
5872
5343
3566
3152
4182
4913
3545
468
3844
5435
1297
5195
2788
1106
4546
3186
2504
2654
3346
5650
5246
62
4712
2686
1126
4527
438
4202
2066
3389
3004
5156
1507
3825
3925
1647
4028
3172
636
1577
4505
3692
3992
4039
2385
334
923
363
1284
726
4776
3086
2719
2885
4522
3895
5437
439
3145
2128
507
617
2872
3920
4174
1314
2420
3398
5614
1857
1711
2726
1364
1945
5895
4206
4696
1706
2936
5259
2171
269
2146
885
4919
3859
5312
5956
5805
5507
5098
1893
4397
871
4035
5866
2026
5024
1197
79
5538
3241
4669
311
3789
3937
2652
3780
5327
3273
5414
421
3207
309
1885
822
5608
3745
826
1616
3499
54
2879
452
5463
3996
3644
455
5720
5411
4688
5417
2868
5960
2916
5266
2897
2579
3046
3823
2590
4930
1904
403
4173
569
4245
2559
3118
2037
5522
3488
3495
4710
3150
1342
4821
4382
1842
1067
2188
5308
4860
1014
5031
1973
4471
1034
515
1779
4258
569
4417
2545
4992
3846
318
4485
1836
4603
3428
2283
5460
5718
3047
2081
3755
5742
4526
5276
1280
3641
4707
4533
5318
3393
5122
2323
4967
1109
5576
2478
1360
100
1663
4369
4018
805
1375
4409
169
1010
528
616
1453
101
995
4864
347
3754
5848
3437
1492
760
288
4928
3938
1357
922
2431
1635
3728
117
1577
3152
4963
4842
2060
3961
5975
1719
4391
2060
38
2058
1106
4050
4783
2632
543
49
5982
4665
2633
5972
5406
1812
3191
2410
3487
4100
71
3879
4810
397
3555
5544
328
3515
4341
1116
1209
3698
1122
1002
4375
5925
2471
137
5056
1379
3644
138
5948
4128
1831
2852
3290
5176
2388
4926
3039
5558
2451
1939
4725
4719
1616
5578
1527
1238
252
5809
2548
5455
3592
2233
4752
5602
1307
4033
5948
4350
5952
4420
1621
2890
2630
1942
1735
2507
4609
1680
3528
49
4186
25
1493
3547
4535
1408
2227
2580
1086
4370
2643
2337
3778
3921
2358
191
3689
2036
1775
4448
2278
1541
387
2692
5328
5199
4500
5888
5235
5658
3541
965
1034
2941
2922
3396
4830
2385
4513
4882
2931
1688
1663
927
4297
4569
5347
3414
5663
4394
3780
2205
4430
5331
132
2870
4272
2923
5149
671
5567
1925
1315
188
5082
2968
4508
430
4764
5429
514
1043
2455
5334
4272
3410
1120
5276
2443
4400
166
4806
1046
1058
3351
2158
233
5624
2740
837
1252
2833
1773
2743
1031
3017
5813
5947
817
697
3345
2614
823
2783
3966
4019
4905
3001
2160
1878
4063
263
3421
2310
635
4400
4134
4870
3228
4820
5982
4320
5967
4610
4872
977
3977
4536
4495
4538
1829
5921
3834
5683
5415
3717
1760
5648
4836
868
5156
5096
4231
1006
3127
1640
4910
2688
2456
3312
5949
4191
3620
1591
4358
1529
2139
4379
822
5797
1143
3145
1309
4136
2138
1706
5924
2714
2015
4716
3708
4683
153
1034
5436
3090
3879
4454
5831
3480
1941
170
5681
4238
5925
1494
479
5813
4492
582
2136
3457
1701
3545
5343
1290
4857
4556
4085
5424
916
5382
4219
5952
3878
4763
4694
5636
2642
5671
3382
4324
2713
881
1959
4780
4852
2724
4813
633
3778
1410
1169
4940
581
1813
1841
2853
4931
5263
2037
4467
1990
2028
3840
1461
5942
2969
1199
3810
5389
43
1498
1039
442
139
1061
154
153
2955
1484
5802
5468
2860
3253
2953
4014
2038
2892
2424
715
1555
4053
2664
414
5192
562
332
286
5851
2357
3996
2787
950
1422
4897
5204
4225
2068
4370
4228
4158
41
1546
2375
2847
1976
1577
428
5731
3784
1018
4789
2051
861
4871
245
621
2042
4021
2277
1127
3338
5725
4536
2035
2604
3836
4475
4411
5378
632
2273
724
437
1382
245
647
4452
4489
1749
3269
4163
5784
3990
1974
5182
545
826
3600
4933
4460
2052
1301
2452
5594
5051
450
1726
2159
646
2917
5292
5163
3555
610
1022
1319
4
3208
4096
679
477
2942
3871
5381
3173
1655
1874
4101
557
968
4667
3484
3138
4068
1568
5204
3250
4692
4225
3035
3105
1396
2322
4172
615
2719
4124
3108
2402
5954
4264
758
5016
4986
588
2507
5547
1952
5418
259
1611
3840
1778
5379
5116
3715
4736
1331
3563
1232
2968
3132
3669
5812
2402
2280
1793
3646
386
5569
1659
1896
3117
3103
1916
4175
1692
753
1016
3168
1278
1952
5182
1067
3693
4382
45
1870
2585
1020
1608
2509
2274
5359
5764
3618
3187
913
310
2225
2132
5805
5938
913
1797
3452
5327
1231
5314
3742
2861
1024
2180
218
4441
2282
848
1198
2367
1949
2968
4094
4663
561
5759
5068
1789
2166
4885
513
4772
2153
5341
5990
2649
5361
830
3956
4995
312
5739
5906
376
4783
44
3823
2893
5073
1124
3316
2375
5078
2487
2411
2074
5455
4602
2171
5987
3898
1672
1977
1473
3382
1247
3906
4270
4054
2006
3985
3987
3018
869
2097
647
825
3222
3352
3701
2533
3396
1431
5804
5363
5427
2716
1670
3748
572
2053
108
2660
3940
3091
2454
1378
3771
1076
2955
5272
2390
3749
5681
3960
4938
4226
1268
1948
5940
5905
4016
3724
4730
4729
2180
4562
1458
2756
2564
1464
3311
1657
585
4464
2889
1122
5104
2487
5149
1585
5178
5306
1039
1988
2604
4528
2565
519
5364
2071
3474
4806
4953
5786
3115
4230
5047
3178
3212
1842
5619
1604
2409
646
3035
1856
3352
5309
1935
3845
3754
1445
1221
1053
4368
3563
3679
3660
5203
1067
381
5443
371
335
2985
380
2828
4798
1948
5266
2978
5350
5022
5488
1321
5314
2189
1044
4851
4039
1738
5237
2874
5036
4494
2142
3772
712
1657
2163
3742
501
1258
3655
4126
2865
3790
405
5585
4763
3869
2228
5474
3595
1793
5791
4605
3157
400
1074
2340
4262
3105
4691
5802
5681
3425
2773
970
3607
530
1607
5186
3745
478
1400
621
3582
5725
2250
3822
3097
46
3674
3196
2993
2263
1705
376
5997
615
3923
4217
2941
2775
1835
2551
770
4298
1603
4860
2662
4907
5729
451
3788
694
306
3710
1751
2386
3028
2359
1886
2090
5392
609
975
1871
5687
2217
4530
1989
4937
2493
987
3942
3598
1423
1744
4522
472
4001
2934
5488
3972
1321
5245
2904
1662
5038
4103
758
5610
2913
5308
934
5823
2358
2678
3542
2299
3506
3896
3881
4844
2825
2325
2595
4889
457
1191
3660
3101
1322
136
223
2604
3810
5173
2568
4770
5565
2645
1956
3753
5101
5338
1167
5262
3319
4273
3390
3137
5690
5212
3668
4465
5247
3609
3450
327
5851
5613
1519
583
5197
2579
237
138
337
4927
4885
1105
3312
3575
4046
256
2422
235
2418
1828
5213
1339
1229
4864
5353
5083
4861
5023
5640
1708
853
1887
5806
2716
3133
2637
1846
3346
4567
2684
5858
1464
253
3316
5230
64
4360
3073
5034
971
3326
3813
5541
1601
4574
2245
764
4868
5120
12
2642
4791
5225
2893
659
289
5839
5037
5659
3852
5977
3503
727
3449
3298
324
5439
3538
3521
3907
3655
1112
2784
2
5552
2190
4466
5784
1247
3759
538
3317
4381
5891
302
4931
4684
3462
4125
1495
2998
2198
168
185
332
4019
4407
454
471
2552
4090
