1000101010101010010101010101001100010101010101001010101010100110001010101010100101010101010011000101
0101010100101010101010011000101010101010010101010101001100010101010101001010101010100110001010101010
1001010101010100110001010101010100101010101010011000101010101010010101010101001100010101010101001010
1010101001100010101010101001010101010100110001010101010100101010101010011000101010101010010101010101
0011000101010101010010101010101001100010101010101001010101010100110001010101010100101010101010011000
1010101010100101010101010011000101010101010010101010101001100010101010101001010101010100110001010101
0101001010101010100110001010101010100101010101010011000101010101010010101010101001100010101010101001
1010011000101010101010010101010101001100010101010101001010101010100110001010101010100101010101010011
0001010101010100101010101010011000101010101010010101010101001100010101010101001010101010100110001010
1010101001010101010100110001010101010100101010101010011000101010101010010101010101001100010101010101
0101010011000101010101010010101010101001100010101010101001010101010100110001010101010100101010101010
0110001010101010100101010101010011000101010101010010101010101001100010101010101001010101010100110001
0101010101001010101010100110001010101010100101010101010011000101010101010010101010101001100010101010
1010010101010101001100010101010101001010101010100110001010101010100101010101010011000101010101010010
1010101010011000101010101010010101010101001100010101010101001010101010100110001010101010100101010101
0100110001010101010100101010101010011000101010101010010101010101001100010101010101001010101010100110
010101001010101010100110001010101010100101010101010011000101010101010010101010101001
