                  ╭───────────╮ 
      /\          │  user    │ kuba
     /  \         │ 󰇅 hname   │ archlinux
    /    \        │ 󰅐 uptime  │ 11 hours, 16 mins
   /      \       │  distro  │ Arch Linux x86_64
  /   ,,   \      │  kernel  │ Linux 6.13.6-arch1-1
 /   |  |   \     │  term    │ tmux 3.5a
/_-''    ''-_\    │  shell   │ bash 5.2.37
                  │ 󰍛 cpu     │ Intel(R) Core(TM) Ultra 7 155H (12+8+2) @ 4.80 GHz
                  │ 󰉉 disk    │ 32.36 GiB / 161.37 GiB (20%) - ext4
                  │  memory  │ 7.86 GiB / 30.95 GiB (25%)
                  │ 󰩟 network │ 192.168.1.208/24 (wlan0)
                  ├───────────┤ 
                  │  colors  │ ● ● ● ● ● ● ● ●
                  ╰───────────╯ 

╭─kuba   󰉖 ~/Projects/mw1/L1
╰─ ❯❯ g++ L1Z3.cpp 

╭─kuba   󰉖 ~/Projects/mw1/L1
╰─ ❯❯ ./a.out 
1372
4419
7098
3391
1945
1875
228
8618
9573
1987
3561
9688
1100
894
1804
9996
2529
6445
2416
2008
611
5027
4427
9220
8577
4326
9046
436
3227
4405
5241
8142
3644
4580
8655
1366
5986
7206
6419
8063
430
8407
4326
7089
171
117
3201
1433
2658
3851
2234
5957
8855
2284
6534
8243
9965
8002
5356
4436
1280
6807
838
1129
5712
2173
4763
1607
417
178
8322
7565
4444
2267
2299
5326
1028
7796
4742
7344
1096
4252
692
4075
6972
1938
6324
6346
7177
2082
8045
8615
1921
7852
807
5793
8314
272
6340
6235
8603
5905
1104
9543
3231
1619
9759
4532
5114
7525
9242
8247
661
1727
3483
7612
969
7345
3273
5668
1287
7558
8344
2659
4473
5064
4518
9007
872
3205
9876
8062
7927
3431
507
8090
3584
3027
7737
7316
3521
7726
1643
8245
8883
427
6608
5489
2453
3513
7945
3499
9953
2892
7915
7399
8810
4175
5843
5670
1778
8563
3103
6571
240
9796
7599
3467
1065
8408
731
1243
5418
8767
7234
7659
4848
3421
2427
3790
2846
8689
5821
5654
3839
4309
129
6112
7891
8160
5274
2498
3020
6124
474
4354
799
9886
2785
2481
6748
3137
1563
8774
8573
6239
3512
9224
7365
9224
5887
7509
85
1894
5214
7407
4784
5239
2278
4784
3170
5944
2799
9475
5383
4353
951
8294
8540
973
9101
8791
3513
192
7794
2504
8982
2265
1341
5353
8611
9164
9916
9495
8562
1869
5775
4249
5636
4678
9669
4648
1726
3796
7705
1728
145
5085
8348
8515
2093
3626
4960
5354
1718
7675
8722
628
4294
8773
783
5257
2257
4227
7284
2054
9987
2045
96
4430
5473
499
3571
1511
903
3513
7135
2184
5382
6330
8594
3982
2247
41
5173
7807
3845
1509
8172
8759
9654
8102
9692
8016
8389
4734
7407
8266
2023
9166
4685
8508
5754
4216
4261
648
6139
1469
1967
9194
5418
3893
845
150
1052
6459
6923
9773
5232
2756
6449
8602
2411
7472
9970
6784
8875
697
6397
8080
5480
7690
6141
6426
341
1837
9657
8432
3922
452
2317
8733
1140
6070
6073
768
7660
5460
6326
7152
798
3842
5122
8649
3156
5698
9986
2159
6115
5040
4640
3253
1485
3480
8540
4209
4051
3443
7659
9081
3896
2969
9932
27
9730
124
4365
3559
2481
1693
9445
4009
8971
8277
812
9813
1961
974
2179
7941
9638
7486
8090
3504
7498
1687
441
8145
353
4904
2535
3341
1141
937
7386
6083
9655
6258
1293
4677
2394
3093
5553
3684
9830
1717
6765
4139
6005
7265
2396
873
6235
9965
3526
1695
2112
1494
86
2862
6328
5044
6472
8955
2092
8197
8948
7111
2895
5405
2864
5640
1373
1010
962
4979
3635
503
3454
4912
672
2736
8476
7670
8820
528
5318
4630
4391
1628
3789
3707
5987
6791
3553
8663
8034
6736
7601
7906
2053
6026
4226
2287
6298
8202
9641
8458
1410
2138
6228
2617
6607
774
3817
8930
7213
9460
1402
3205
4892
8733
6790
4515
1185
4821
6478
4675
7270
7922
9912
6068
6614
9704
2160
6566
2091
8883
3343
8441
2283
2553
6475
1033
8725
6453
9670
7537
6428
5142
5073
2938
8042
6803
161
161
5214
9742
2432
8216
2231
2672
4488
7746
7300
6802
3270
4409
6781
6691
842
2799
2838
8763
5794
7101
6361
7223
8743
475
4172
3632
4315
6052
1693
7182
193
4539
9388
6701
198
8272
3478
2866
2079
7314
1464
7343
6587
6677
9945
8113
9809
2508
7570
4125
2459
5892
1545
8192
4285
435
6250
2971
4824
2267
3916
4743
1252
3613
3758
7139
7241
9453
292
3528
7680
9535
5392
4583
6621
8745
989
993
8315
6382
4008
1041
9797
7890
3029
7554
9031
3379
1247
7470
2573
4754
1469
9649
523
2248
7553
6922
3083
8683
6036
5837
5811
6789
4689
7628
6707
2827
4508
5020
7209
1521
5733
3832
7929
188
3655
1267
1108
8083
4080
7888
1723
1592
8809
4234
2118
6811
7652
4151
4114
9421
5985
2911
3471
4409
2395
5440
6663
8660
2064
97
4053
5683
304
5881
2176
2658
8473
2045
4895
7695
1298
3892
6726
5783
3609
9730
837
413
6914
4711
5456
48
6900
6357
2198
5950
9109
964
2208
57
2951
171
6421
1618
7115
8522
1629
1380
4314
6802
6341
8411
8841
7831
1794
5534
3500
2242
1954
8957
8066
4118
4566
993
7819
89
6896
3970
5005
2227
1371
8344
8668
4400
8591
1811
6494
3210
4897
7662
8280
8050
2131
9582
9577
3363
9341
9468
7433
6299
4677
5603
4857
8752
2276
6818
5521
963
2598
2316
4029
421
4348
1341
4097
8162
5770
8373
1139
6731
839
5600
5043
9250
6746
9324
895
1442
8284
3105
8525
6398
5173
1271
9194
1525
5734
1803
4938
5544
3731
9756
9032
295
7632
738
7754
8463
2066
4154
6487
6755
3053
9789
3262
9134
4374
344
5471
6792
6509
5860
8315
4143
8813
70
8307
1172
1468
4436
9212
8622
425
9695
6314
8200
1723
9264
4367
8590
2166
6604
2697
624
6751
8722
7235
2252
6165
1037
2449
4031
499
5384
4568
5771
7005
5495
9491
9855
4992
427
8622
7396
9879
7268
8728
351
5910
8446
995
5490
7058
1885
194
7060
5176
9759
5192
8117
6072
5304
9022
6414
6335
9060
8950
42
3765
1956
5669
5266
1912
2410
6794
6879
2275
8843
163
6230
7162
7863
2510
9294
8339
1175
9796
8526
3104
3890
8539
2497
5654
5761
9882
8013
5421
259
1491
515
5547
6159
3348
6745
348
1233
4105
6171
5305
2048
2049
9052
895
2632
8058
5099
3890
9590
6190
6648
329
925
7546
6237
2485
6459
3497
5187
2994
8875
3667
7213
2531
1903
8587
4739
6509
1210
7709
2297
2015
5270
8403
8236
5374
6098
1911
2200
8232
6813
1391
6967
3709
5154
1973
4737
496
2853
6834
6054
7446
1214
9347
6206
2368
9355
1256
6727
7862
1170
5884
6770
9924
2838
4350
7231
5198
8668
6647
2009
5191
6
AVG= 5014.79
10000
10000
10000
10000
10000
10000
10000
10000
10000
10000
10000
10000
3914
10000
10000
10000
10000
10000
10000
10000
10000
10000
10000
10000
10000
10000
10000
10000
10000
10000
10000
10000
10000
10000
10000
6116
10000
10000
10000
1842
10000
10000
10000
10000
10000
149
10000
10000
10000
10000
10000
10000
10000
10000
9655
10000
10000
10000
10000
10000
10000
10000
9987
10000
10000
9303
10000
10000
10000
10000
10000
10000
10000
10000
10000
10000
10000
10000
10000
10000
10000
10000
10000
2306
10000
10000
10000
3129
10000
5624
10000
10000
10000
10000
10000
10000
10000
10000
10000
10000
10000
10000
10000
10000
10000
10000
338
10000
9991
10000
10000
10000
10000
10000
10000
10000
10000
5400
10000
10000
10000
10000
10000
10000
10000
10000
9341
10000
6020
10000
10000
10000
10000
3607
10000
10000
10000
10000
7319
6120
10000
10000
10000
10000
10000
10000
10000
10000
10000
10000
10000
10000
10000
10000
10000
10000
10000
10000
10000
10000
10000
10000
10000
10000
10000
10000
620
3781
10000
4125
10000
10000
10000
10000
10000
10000
10000
10000
10000
10000
10000
10000
10000
10000
10000
10000
10000
10000
10000
10000
10000
10000
10000
10000
10000
10000
10000
10000
6040
10000
10000
1230
10000
10000
10000
10000
10000
10000
10000
10000
10000
10000
10000
10000
10000
10000
10000
6659
10000
10000
10000
10000
10000
10000
10000
10000
10000
10000
10000
10000
10000
10000
6851
10000
10000
10000
10000
10000
10000
1497
8298
10000
10000
10000
10000
10000
10000
10000
10000
10000
10000
10000
10000
10000
5819
10000
10000
10000
10000
8266
10000
10000
10000
10000
10000
10000
10000
10000
10000
10000
10000
10000
10000
10000
10000
10000
10000
10000
10000
10000
10000
10000
10000
10000
10000
10000
10000
10000
10000
10000
10000
10000
10000
10000
10000
10000
10000
10000
10000
10000
3452
10000
10000
10000
4455
10000
5715
10000
10000
10000
10000
10000
10000
10000
10000
10000
10000
10000
10000
10000
10000
10000
10000
10000
10000
10000
10000
10000
6688
10000
10000
10000
10000
10000
10000
10000
10000
10000
9532
10000
10000
10000
10000
10000
10000
10000
10000
10000
10000
10000
10000
10000
10000
1478
10000
10000
10000
10000
10000
10000
10000
10000
10000
10000
10000
10000
10000
10000
10000
10000
10000
10000
10000
10000
10000
10000
10000
10000
10000
10000
10000
10000
10000
10000
10000
5624
10000
10000
10000
10000
10000
10000
10000
10000
10000
10000
10000
10000
10000
10000
10000
10000
10000
5973
10000
10000
3072
10000
10000
10000
10000
10000
10000
10000
10000
10000
10000
10000
10000
10000
10000
10000
10000
10000
10000
10000
1257
205
10000
10000
10000
10000
10000
10000
10000
10000
10000
10000
10000
10000
10000
10000
10000
10000
10000
2420
10000
10000
10000
10000
10000
10000
8897
10000
10000
10000
10000
10000
10000
10000
10000
10000
752
10000
1205
10000
10000
10000
1450
10000
10000
10000
10000
10000
10000
10000
10000
10000
10000
10000
10000
10000
451
10000
10000
10000
10000
10000
10000
10000
10000
107
9361
10000
10000
10000
10000
6625
10000
10000
10000
10000
10000
10000
5153
10000
123
4522
10000
10000
10000
10000
10000
10000
10000
10000
10000
10000
10000
10000
10000
10000
10000
10000
9239
10000
10000
10000
10000
10000
10000
10000
10000
6846
10000
10000
10000
10000
10000
10000
10000
10000
10000
10000
10000
10000
10000
10000
10000
10000
10000
4863
10000
10000
10000
10000
10000
1998
10000
10000
10000
10000
10000
10000
10000
3779
10000
4136
10000
10000
10000
10000
10000
10000
1081
10000
10000
10000
10000
10000
10000
10000
10000
10000
10000
10000
10000
10000
10000
10000
10000
10000
10000
10000
10000
10000
10000
10000
10000
10000
10000
7216
10000
10000
10000
10000
10000
10000
10000
10000
10000
10000
10000
10000
10000
10000
10000
10000
10000
10000
10000
10000
10000
5432
10000
10000
10000
10000
10000
10000
10000
10000
10000
5764
10000
10000
10000
10000
10000
3529
10000
10000
10000
10000
10000
10000
10000
10000
10000
10000
10000
612
10000
10000
10000
1887
10000
10000
10000
10000
10000
10000
10000
10000
10000
10000
10000
10000
6879
10000
10000
10000
10000
10000
10000
10000
10000
10000
10000
10000
10000
10000
10000
10000
10000
10000
10000
10000
10000
10000
1760
10000
10000
10000
10000
10000
10000
10000
10000
10000
10000
10000
10000
10000
10000
10000
10000
10000
10000
10000
10000
10000
10000
10000
10000
10000
10000
10000
10000
10000
10000
10000
10000
10000
10000
10000
10000
10000
10000
10000
10000
10000
10000
10000
10000
10000
10000
10000
10000
10000
10000
10000
10000
10000
10000
10000
10000
10000
10000
10000
10000
10000
10000
10000
10000
10000
10000
10000
10000
10000
10000
10000
10000
10000
10000
10000
10000
10000
10000
10000
10000
10000
10000
1327
10000
10000
6034
10000
10000
10000
10000
10000
10000
4025
10000
10000
10000
10000
10000
10000
10000
10000
10000
10000
10000
10000
10000
10000
10000
10000
10000
10000
4436
10000
10000
10000
10000
10000
8040
10000
10000
10000
10000
10000
10000
10000
4126
10000
10000
10000
10000
10000
10000
10000
10000
10000
10000
10000
10000
10000
10000
10000
5887
10000
10000
10000
10000
10000
6183
5342
10000
10000
10000
10000
10000
10000
6351
532
10000
10000
10000
10000
10000
10000
10000
10000
10000
10000
10000
10000
10000
10000
10000
10000
10000
10000
10000
1422
10000
10000
10000
10000
10000
10000
10000
10000
10000
10000
10000
10000
10000
10000
10000
10000
10000
10000
10000
10000
10000
10000
10000
10000
10000
10000
10000
10000
10000
10000
10000
10000
10000
10000
10000
10000
3134
10000
10000
10000
10000
6500
10000
10000
10000
10000
10000
10000
8732
10000
10000
10000
10000
10000
10000
10000
10000
10000
10000
10000
10000
10000
10000
10000
10000
10000
10000
10000
10000
10000
10000
10000
10000
6914
10000
8945
10000
10000
10000
10000
10000
10000
10000
10000
10000
10000
10000
10000
10000
10000
10000
10000
10000
5607
10000
10000
10000
10000
10000
3365
10000
10000
10000
10000
10000
10000
10000
4786
10000
10000
10000
10000
10000
10000
10000
7375
10000
10000
10000
10000
10000
10000
10000
10000
10000
10000
10000
10000
10000
10000
10000
10000
AVG= 9535.95

╭─kuba   󰉖 ~/Projects/mw1/L1
╰─ ❯❯ tmux capture-pane -p -S'-' -E'-' -J > my-logZ3

