                  ╭───────────╮ 
      /\          │  user    │ kuba
     /  \         │ 󰇅 hname   │ archlinux
    /    \        │ 󰅐 uptime  │ 11 hours, 16 mins
   /      \       │  distro  │ Arch Linux x86_64
  /   ,,   \      │  kernel  │ Linux 6.13.6-arch1-1
 /   |  |   \     │  term    │ tmux 3.5a
/_-''    ''-_\    │  shell   │ bash 5.2.37
                  │ 󰍛 cpu     │ Intel(R) Core(TM) Ultra 7 155H (12+8+2) @ 4.80 GHz
                  │ 󰉉 disk    │ 32.36 GiB / 161.37 GiB (20%) - ext4
                  │  memory  │ 7.97 GiB / 30.95 GiB (26%)
                  │ 󰩟 network │ 192.168.1.208/24 (wlan0)
                  ├───────────┤ 
                  │  colors  │ ● ● ● ● ● ● ● ●
                  ╰───────────╯ 

╭─kuba   󰉖 ~/Projects/mw1/L1
╰─ ❯❯ g++ L1Z2.cpp 

╭─kuba   󰉖 ~/Projects/mw1/L1
╰─ ❯❯ ./a.out 
9398
2254
2103
8534
1602
1806
3954
6294
2803
7409
2660
6921
2793
4270
9270
5426
8701
1467
3373
6703
9213
4220
703
3012
2680
5735
6698
3523
8038
5873
2635
1084
1775
8387
3869
3378
1434
2023
9673
7886
3080
5982
4808
9522
3900
2581
4949
5967
9194
1970
2954
2056
6191
7306
5069
2520
3041
5416
9691
4728
1289
2327
5813
3065
715
5433
92
5798
1104
3414
3685
4185
371
2142
3708
6945
9869
2305
3196
2712
4276
6151
4769
4116
3458
536
284
148
5255
9976
4876
193
5952
690
6730
316
9771
648
6115
4524
4062
3449
2358
7107
9240
6067
4053
2757
8373
898
5470
6298
698
239
414
7805
3726
4347
7953
2630
4324
6478
6471
277
817
7027
4242
589
7675
4006
8762
5386
7456
1121
2494
345
836
196
3103
2858
1095
2221
9156
1794
3205
3219
9600
9836
5619
7554
6115
1892
7681
2587
5818
8498
9614
3709
2736
938
7716
1498
6325
2346
2620
8820
9167
3457
9017
5918
6315
3761
8140
4967
5556
4250
2340
8805
7735
9908
7
7499
5449
7689
86
4916
1662
3349
8626
8924
4288
6343
4071
614
5165
340
3083
7981
3797
5749
3900
3761
9511
5689
2882
8716
3588
8871
1170
1324
2428
1178
2471
7878
2515
2558
2795
2352
9556
5070
4925
3845
1414
8997
8108
228
9337
1192
1858
5358
6942
8005
4193
102
5096
724
2467
8684
9596
3638
3657
2025
4816
6129
3552
980
2336
3313
3333
1893
5067
8258
9387
130
904
1144
359
242
2337
2218
674
2928
5273
4868
6679
369
6598
9147
2702
8838
2785
8
4512
1250
9785
1713
2231
2122
1710
9213
7663
6778
7472
699
3086
8376
1843
917
2267
7829
5358
2941
757
2057
1458
7437
2427
699
232
8778
3186
3018
5084
1346
7917
8572
3060
149
4343
4770
9363
3478
5197
483
6354
2106
2508
1846
6672
4776
9676
3456
7718
4082
5513
2824
5167
1589
3524
5400
4015
359
2067
2802
1706
9985
5023
4766
3783
3015
9537
6795
8670
8383
5749
8673
4138
3436
520
810
8212
3845
4267
9579
1575
3429
2404
6743
8666
9577
5792
2682
9936
7860
9133
1643
1494
7805
58
5278
4469
3244
5722
3140
1627
1850
5462
5766
6438
9631
6577
8299
7124
4492
7878
8700
1570
3931
9092
3885
3508
4885
6568
7093
6394
9350
2385
7889
804
2443
6816
5273
5688
2539
2062
7316
9189
7524
6730
9275
804
3308
7575
7929
1449
9102
278
3019
6681
9371
491
190
7905
7121
932
4300
120
3318
5838
924
9410
6303
9846
5098
2490
1909
6063
1680
3082
2794
4604
3886
9750
5827
5464
1200
4930
5742
7868
1612
8762
4773
5451
6667
5543
32
4616
5664
3350
4102
237
6409
406
84
1508
2897
5641
7571
8225
2744
366
2830
6259
3765
2306
1723
4965
7236
1114
2834
2497
3525
1256
1596
193
448
1629
4766
9760
8628
2560
9998
858
6615
3730
194
3160
9372
7766
5034
8097
1780
1513
8004
5546
3819
3376
4160
4704
4491
6994
7202
1665
1899
2447
5506
2347
4076
3964
2108
6353
173
3015
1391
437
9486
1585
7246
2507
3000
2281
4252
8429
3794
2257
3975
1262
5634
1784
5967
3774
8779
6818
5440
4326
9265
947
6674
3342
8560
2431
9696
8734
8187
2764
2819
1321
9969
66
7477
2970
5995
1730
1399
9790
3988
9023
4701
9623
808
669
3398
3235
7488
8838
7562
1622
3434
7885
3183
1994
3965
7089
4377
2153
1825
7197
7123
1795
911
4600
8414
6730
9979
3462
346
3967
4235
5048
3591
6942
5718
637
3826
6855
3124
858
7257
6559
6571
1003
8554
537
1741
6579
6339
3567
3777
7110
9011
8337
5359
1073
514
5339
4536
5592
9212
670
641
6546
1261
8
7184
3935
511
309
3774
7769
517
3994
2421
2719
4532
4162
9299
872
1378
6725
1631
4037
5062
6991
5111
308
2330
3296
9548
1638
3967
190
8185
8877
3846
9018
7614
4358
2976
858
5776
3493
9032
8198
6213
7213
6009
5513
1733
1211
5887
3365
5073
950
356
185
4906
2687
3482
4455
7974
1097
8294
9807
9975
2141
8826
1237
148
1802
6275
2700
8944
8955
4123
5158
6169
133
4320
1551
1169
208
4916
6243
1158
8921
77
9713
5257
7207
7817
3232
8305
6112
6688
1929
1901
5514
3167
5698
965
3090
1623
9910
5694
9395
8717
1864
3177
3038
7063
7994
3247
5628
4238
8054
4550
4315
7768
3456
1523
5586
337
3477
5346
7025
5407
7248
1662
2222
6595
802
8961
8219
713
4656
1263
9431
169
4440
6118
7233
2435
9366
2862
322
5246
1061
8286
8837
4518
3458
8071
4855
6936
3418
5529
5991
4315
1718
1862
911
2521
824
2778
6883
5481
4042
9963
5651
2131
6082
2394
8215
9097
9395
8537
6518
4104
6824
9003
2271
3930
723
775
4515
4142
4730
507
2106
1672
6018
6666
4194
6843
3093
4726
5973
7135
4690
5272
2915
4421
1805
1130
3518
4849
3316
37
2602
3789
2689
4873
7720
3413
131
2235
1204
5602
5943
5639
7275
2409
3625
5117
2901
1212
9844
8874
7503
8182
7795
418
2604
3249
5197
6123
8099
8514
9808
701
2304
2498
9223
3672
9559
4873
5908
764
4124
5948
1371
1399
8358
4997
6517
1259
5365
10
3782
2868
8193
5226
6935
797
8476
5781
6921
6576
4296
378
926
249
2876
3798
7570
6084
8671
7127
497
2796
3075
1869
7844
1434
515
4362
6342
5880
8020
3773
2397
6214
9000
2981
660
7477
6732
7581
7701
6708
1608
8628
606
8133
6074
8176
4218
4746
5304
4715
1191
8380
233
2683
3462
748
694
9805
6629
8715
3578
2675
4929
2579
5657
5590
3704
4421
6820
1406
4778
2076
3683
5385
210
9758
7210
4428
8153
2514
2792
2992
4543
3026
5676
8006
3775
6371
7811
4053
8734
5038
377
3664
1266
6035
2903
4971
4105
3371
6378
8884
5448
3709
7917
9212
3468
5128
3736
1621
AVG= 4561.44
10000
10000
10000
10000
10000
10000
10000
10000
10000
10000
10000
10000
10000
10000
10000
10000
10000
5353
10000
10000
10000
7446
10000
10000
10000
10000
10000
10000
10000
10000
10000
10000
10000
10000
10000
10000
10000
10000
10000
10000
10000
10000
10000
10000
10000
10000
10000
10000
10000
10000
10000
10000
10000
10000
10000
10000
10000
10000
10000
10000
10000
10000
10000
10000
10000
5375
7164
10000
10000
10000
10000
10000
10000
10000
10000
10000
10000
10000
10000
10000
10000
5544
10000
10000
10000
10000
10000
10000
10000
10000
10000
10000
10000
9878
10000
10000
10000
10000
10000
10000
9759
10000
10000
10000
10000
10000
10000
10000
10000
10000
10000
10000
4934
10000
10000
10000
10000
10000
10000
10000
10000
10000
10000
10000
10000
10000
10000
10000
10000
10000
10000
10000
10000
10000
10000
10000
2161
10000
10000
10000
10000
10000
6036
10000
10000
10000
10000
10000
10000
10000
10000
10000
10000
10000
10000
10000
4785
10000
10000
10000
10000
10000
10000
10000
10000
1005
10000
10000
7976
10000
10000
10000
10000
10000
10000
10000
2088
4602
10000
6708
10000
10000
10000
10000
10000
10000
10000
10000
10000
10000
10000
10000
10000
2738
10000
10000
10000
10000
10000
10000
3623
3284
10000
10000
10000
4050
10000
10000
10000
10000
10000
10000
10000
10000
10000
10000
10000
10000
10000
10000
10000
10000
4752
10000
10000
10000
10000
10000
10000
10000
10000
10000
10000
10000
10000
10000
10000
10000
10000
10000
10000
10000
10000
10000
10000
10000
10000
10000
10000
10000
10000
10000
10000
10000
2919
5669
10000
10000
6993
10000
10000
4767
10000
7458
10000
10000
10000
10000
10000
10000
1221
10000
10000
10000
10000
10000
10000
10000
10000
10000
10000
10000
10000
10000
10000
10000
10000
10000
10000
10000
10000
10000
10000
10000
1064
10000
10000
10000
10000
10000
10000
10000
10000
10000
10000
10000
10000
10000
10000
10000
10000
10000
10000
10000
10000
10000
10000
10000
10000
10000
10000
10000
10000
10000
10000
10000
10000
3979
10000
10000
10000
10000
10000
10000
10000
10000
10000
10000
10000
10000
2626
10000
10000
10000
10000
989
10000
7398
10000
10000
10000
10000
10000
10000
10000
10000
10000
10000
10000
10000
10000
10000
10000
10000
10000
10000
10000
10000
10000
10000
10000
10000
10000
10000
10000
10000
10000
10000
10000
10000
10000
10000
10000
7527
10000
10000
10000
10000
6530
10000
10000
10000
10000
10000
10000
10000
10000
10000
9456
10000
10000
10000
10000
10000
10000
10000
10000
10000
10000
10000
10000
10000
10000
10000
10000
10000
10000
10000
10000
10000
10000
10000
10000
10000
10000
10000
10000
10000
10000
10000
10000
10000
10000
10000
10000
10000
10000
10000
10000
10000
10000
10000
10000
10000
3593
10000
10000
10000
10000
10000
10000
10000
10000
10000
10000
10000
10000
2272
10000
10000
10000
10000
4936
10000
10000
10000
10000
10000
10000
10000
10000
230
10000
1241
10000
10000
10000
10000
10000
10000
10000
10000
10000
1027
10000
10000
10000
10000
10000
10000
10000
3472
10000
10000
10000
10000
10000
10000
10000
10000
10000
10000
10000
10000
10000
10000
10000
10000
10000
10000
10000
10000
10000
10000
10000
10000
10000
10000
10000
10000
10000
10000
10000
10000
10000
10000
10000
10000
10000
10000
10000
10000
10000
10000
10000
10000
6805
10000
10000
10000
10000
10000
10000
10000
10000
10000
10000
10000
10000
10000
10000
10000
10000
10000
10000
10000
10000
10000
10000
10000
10000
10000
10000
488
10000
10000
10000
10000
10000
10000
10000
10000
10000
10000
10000
10000
10000
10000
10000
10000
10000
10000
10000
10000
10000
10000
10000
10000
10000
10000
10000
10000
10000
10000
10000
10000
10000
10000
10000
10000
10000
10000
10000
10000
10000
10000
10000
10000
10000
10000
10000
10000
4678
10000
10000
10000
6398
10000
10000
10000
10000
10000
10000
10000
10000
10000
10000
1602
3920
10000
10000
10000
3566
10000
10000
10000
2880
10000
10000
10000
10000
10000
10000
10000
10000
10000
10000
10000
10000
10000
10000
10000
10000
10000
10000
10000
10000
10000
10000
6320
10000
10000
9717
10000
10000
10000
10000
10000
10000
10000
10000
8573
10000
10000
10000
10000
10000
10000
10000
10000
10000
10000
10000
10000
10000
10000
10000
4983
10000
10000
10000
10000
10000
10000
10000
10000
10000
10000
10000
10000
10000
10000
10000
10000
10000
10000
10000
10000
4353
10000
10000
10000
10000
10000
10000
10000
10000
10000
10000
10000
10000
10000
10000
10000
10000
10000
10000
6622
10000
10000
10000
10000
10000
10000
10000
10000
10000
10000
10000
10000
10000
10000
10000
10000
10000
10000
10000
10000
10000
10000
10000
10000
10000
10000
10000
10000
10000
10000
10000
10000
10000
10000
4506
10000
10000
10000
10000
7947
10000
10000
10000
4055
10000
10000
10000
10000
10000
10000
10000
10000
10000
10000
10000
10000
10000
10000
10000
10000
10000
10000
10000
10000
10000
10000
10000
10000
10000
10000
3395
10000
10000
10000
10000
2612
10000
10000
10000
10000
10000
10000
9561
10000
10000
10000
6935
4009
10000
10000
10000
10000
10000
10000
10000
3129
10000
10000
2528
10000
10000
10000
10000
9327
10000
2959
10000
10000
10000
2041
8251
10000
10000
10000
10000
10000
10000
10000
10000
10000
10000
10000
10000
10000
10000
10000
10000
10000
10000
10000
10000
10000
10000
4875
10000
10000
10000
10000
10000
6653
10000
7365
10000
10000
10000
10000
10000
10000
7582
10000
10000
10000
10000
10000
1433
10000
10000
10000
10000
10000
2352
10000
10000
10000
10000
10000
10000
10000
10000
10000
10000
10000
10000
10000
10000
10000
10000
10000
10000
10000
10000
10000
10000
10000
10000
10000
651
10000
10000
10000
2341
10000
10000
10000
10000
10000
10000
10000
3168
10000
10000
10000
10000
5004
10000
10000
10000
10000
10000
10000
815
10000
10000
10000
10000
1622
10000
2034
10000
10000
10000
10000
10000
10000
10000
10000
10000
10000
10000
10000
10000
10000
10000
10000
10000
10000
10000
10000
10000
10000
10000
10000
10000
10000
7491
10000
10000
10000
10000
3694
10000
10000
10000
10000
3556
10000
10000
10000
10000
186
10000
10000
10000
10000
10000
10000
10000
10000
5925
1443
10000
10000
AVG= 9514.98

╭─kuba   󰉖 ~/Projects/mw1/L1
╰─ ❯❯ tmux capture-pane -p -S'-' -E'-' -J > my-logZ2

